 9193.83850
 8534.67180
27117.99378
 8596.82780
12475.35130
13405.39030
 2150.46900
13747.87235
 6610.10970
39047.28500
27375.90478
 9048.02730
 8988.15875
14901.51670
10096.97000
 8835.26495
38415.47400
 2721.32080
 9877.60770
47269.85400
 4237.12655
 2534.39375
 2205.98080
10965.44600
15006.57945
10736.87075
 9788.86590
10422.91665
 9304.70190
 3378.91000
 2155.68150
38126.24650
35491.64000
 6356.27070
24059.68019
16450.89470
12925.88600
36950.25670
 2459.72010
46889.26120
 5124.18870
14133.03775
 6414.17800
 1720.35370
15817.98570
13462.52000
 2103.08000
12105.32000
20781.48892
12235.83920
41949.24410
12643.37780
21223.67580
 7954.51700
15170.06900
 3659.34600
 8232.63880
 8027.96800
13919.82290
10791.96000
17878.90068
10601.41200
13217.09450
11944.59435
14358.36437
32548.34050
 5699.83750
 2352.96845
 4340.44090
 9391.34600
42211.13820
 8823.27900
14256.19280
 7133.90250
 5312.16985
 3906.12700
 2203.47185
28340.18885
 5484.46730
 1622.18850
11299.34300
 8026.66660
11737.84884
 2913.56900
 9861.02500
 2473.33410
39983.42595
36307.79830
44400.40640
 3172.01800
 7742.10980
 6185.32080
 1880.48700
21771.34230
 6858.47960
17179.52200
42760.50220
 5478.03680
12638.19500
 5989.52365
 9566.99090
10370.91255
19594.80965
11576.13000
 6360.99360
 4032.24070
 2585.26900
11658.37915
21082.16000
10807.48630
 9724.53000
 3201.24515
 3309.79260
 5969.72300
 8269.04400
 9414.92000
23967.38305
47928.03000
11842.44200
 7421.19455
12950.07120
11033.66170
 6082.40500
 3989.84100
 7537.16390
 3484.33100
 8116.68000
17626.23951
11837.16000
 9541.69555
 4399.73100
 2200.83085
11363.28320
 1964.78000
13429.03540
24603.04837
27322.73386
42303.69215
42112.23560
41676.08110
 4562.84210
 3490.54910
12485.80090
 6748.59120
45863.20500
 2166.73200
 6457.84340
12094.47800
19515.54160
 4915.05985
 2523.16950
11566.30055
23241.47453
 4074.45370
 6600.20595
 1242.81600
19361.99880
 8603.82340
 5972.37800
 3171.61490
 5375.03800
12629.16560
19040.87600
 8219.20390
 7348.14200
 4347.02335
 6753.03800
 2457.50200
 5976.83110
18806.14547
11070.53500
10065.41300
24671.66334
 1824.28540
 7325.04820
40103.89000
39725.51805
 1748.77400
48173.36100
35585.57600
35160.13457
 1263.24900
12982.87470
 1261.44200
 8444.47400
36124.57370
15161.53440
10600.54830
 6393.60345
12129.61415
22395.74424
 8733.22925
21984.47061
11881.35800
 9910.35985
 7228.21565
 2438.05520
 4357.04365
 8410.04685
 5488.26200
21659.93010
12269.68865
 1769.53165
39597.40720
34838.87300
 2897.32350
 1149.39590
19023.26000
 4667.60765
11945.13270
12479.70895
 3756.62160
 6186.12700
 8968.33000
 1917.31840
 1977.81500
 4466.62140
 2136.88225
 2727.39510
24915.22085
12797.20962
40182.24600
33907.54800
12574.04900
24227.33724
 4433.38770
10579.71100
 7160.09400
11187.65670
14235.07200
10072.05505
 6389.37785
 9875.68040
 8162.71625
 1826.84300
10085.84600
 4571.41305
 9249.49520
31620.00106
 1708.00140
 9487.64420
18223.45120
12523.60480
48970.24760
40419.01910
 8342.90875
 5116.50040
36021.01120
 1241.56500
38792.68560
 9617.66245
 3206.49135
13844.50600
 4449.46200
 8240.58960
 1737.37600
17128.42608
 5425.02335
 7371.77200
 3213.62205
12268.63225
17929.30337
21677.28345
13635.63790
 5966.88740
 5257.50795
10156.78320
43921.18370
14001.13380
12142.57860
 3556.92230
 2331.51900
 8615.30000
47496.49445
12430.95335
 5002.78270
 7740.33700
40273.64550
 1135.94070
11741.72600
11365.95200
 9704.66805
20630.28351
16115.30450
 5397.61670
 2304.00220
10959.33000
20149.32290
19214.70553
19521.96820
44641.19740
 9630.39700
 6112.35295
 8606.21740
30184.93670
52590.82939
 1137.46970
22331.56680
 1607.51010
 3857.75925
44423.80300
 8627.54110
 4005.42250
10825.25370
10493.94580
 4718.20355
 7147.10500
10338.93160
 4438.26340
23807.24060
 3471.40960
10848.13430
10107.22060
17496.30600
 7419.47790
 2045.68525
 8765.24900
 4441.21315
 9748.91060
 7624.63000
 3056.38810
 7640.30920
15555.18875
10407.08585
 1832.09400
 4151.02870
 6358.77645
 7151.09200
19144.57652
10226.28420
38998.54600
 1634.57340
34472.84100
 1121.87390
42111.66470
33307.55080
 8930.93455
10806.83900
12265.50690
 3227.12110
 3176.81590
19444.26580
 8671.19125
 7418.52200
19442.35350
41034.22140
11353.22760
 4040.55825
 2217.46915
 6250.43500
 6799.45800
47291.05500
46130.52650
13770.09790
47403.88000
 5910.94400
 7345.08400
22462.04375
10106.13425
27533.91290
 1532.46970
39836.51900
45710.20785
37165.16380
11840.77505
 7201.70085
13041.92100
 2254.79670
16657.71745
39871.70430
 3260.19900
 4670.64000
38344.56600
17904.52705
 5003.85300
39241.44200
 8703.45600
 9964.06000
30166.61817
48549.17835
 2842.76075
17352.68030
34779.61500
 5138.25670
18648.42170
36085.21900
 8601.32930
18767.73770
12829.45510
 7147.47280
28923.13692
 4762.32900
13047.33235
15359.10450
 4618.07990
11150.78000
10982.50130
 3935.17990
10381.47870
 8515.75870
20745.98910
 6837.36870
12224.35085
27346.04207
10436.09600
34828.65400
 7985.81500
 8782.46900
19933.45800
12979.35800
10795.93733
 7281.50560
27218.43725
40003.33225
 1704.70015
 9620.33070
 9144.56500
 6849.02600
 6877.98010
 9549.56510
11520.09985
 3353.47030
 7639.41745
 9500.57305
 3757.84480
18972.49500
11482.63485
10325.20600
11013.71190
 4673.39220
 4747.05290
 4738.26820
14043.47670
 7518.02535
 2689.49540
45008.95550
 7358.17565
 5615.36900
 3537.70300
 6571.02435
10959.69470
33475.81715
 3943.59540
37484.44930
 6551.75010
 5227.98875
 1632.56445
37465.34375
 6652.52880
 2480.97910
 3077.09550
14349.85440
 5974.38470
 2585.85065
 8334.45755
11856.41150
16884.92400
10043.24900
10704.47000
28868.66390
 2203.73595
 4746.34400
 4454.40265
32108.66282
 7050.64200
 1694.79640
 7512.26700
 3385.39915
10702.64240
48675.51770
 1984.45330
 2026.97410
 1629.83350
 1631.82120
 4428.88785
 2134.90150
47305.30500
17663.14420
13616.35860
 6746.74250
43813.86610
 3561.88890
33900.65300
19199.94400
13470.86000
 7445.91800
 3180.51010
 1967.02270
 6059.17300
41919.09700
46599.10840
 5028.14660
 2775.19215
27724.28875
12044.34200
24520.26400
 3279.86855
 4827.90495
 6311.95200
 8280.62270
 5246.04700
 5240.76500
10577.08700
 5415.66120
24513.09126
11946.62590
 8347.16430
43943.87610
14474.67500
 4058.71245
 6710.19190
 4234.92700
 8520.02600
10450.55200
11163.56800
26467.09737
 2639.04290
11253.42100
43753.33705
 4949.75870
 2362.22905
 2867.11960
39774.27630
11552.90400
14382.70905
19673.33573
 5472.44900
 9880.06800
23288.92840
 6203.90175
 5584.30570
12622.17950
13887.96850
20709.02034
13430.26500
 6796.86325
 2899.48935
 5846.91760
14007.22200
13112.60480
13725.47184
 4686.38870
20462.99766
 1628.47090
 1727.78500
26109.32905
 7526.70645
 4320.41085
 6455.86265
10602.38500
 4433.91590
 8891.13950
12495.29085
 6600.36100
 8823.98575
 4504.66240
 7265.70250
15019.76005
30063.58055
12928.79110
20234.85475
 3577.99900
 8116.26885
11345.51900
15612.19335
 9583.89330
 1711.02680
 5148.55260
23563.01618
26125.67477
11538.42100
60021.39897
26236.57997
36189.10170
 4883.86600
11881.96960
 9290.13950
 7222.78625
 3925.75820
 1163.46270
 2217.60120
28950.46920
18033.96790
14455.64405
 7726.85400
 4415.15880
 5327.40025
36197.69900
16069.08475
17361.76610
11658.11505
11488.31695
18608.26200
 9174.13565
17468.98390
14283.45940
11082.57720
 2974.12600
21595.38229
24535.69855
11833.78230
 8211.10020
 6198.75180
 7045.49900
 6548.19505
27808.72510
 8522.00300
 8965.79575
 3847.67400
 6272.47720
12323.93600
 6128.79745
 9140.95100
 1664.99960
 5377.45780
14590.63205
 9957.72160
 6555.07035
 2104.11340
10231.49990
 6474.01300
46200.98510
34806.46770
 2850.68375
14119.62000
 6940.90985
19749.38338
13063.88300
 8978.18510
 5400.98050
11411.68500
13822.80300
10197.77220
 1837.23700
11362.75500
 2866.09100
14319.03100
25678.77845
19350.36890
16796.41194
35069.37452
 4564.19145
 5253.52400
 8538.28845
39727.61400
15820.69900
 4402.23300
23065.42070
 3994.17780
 2416.95500
 1137.01100
 8944.11510
 9447.25035
24180.93350
49577.66240
 6571.54400
36898.73308
18955.22017
 4906.40965
 1759.33800
 2483.73600
33732.68670
37133.89820
11884.04858
11286.53870
 5729.00530
16420.49455
 5920.10410
17178.68240
 9625.92000
29186.48236
21098.55405
 4243.59005
14571.89080
19964.74630
11356.66090
 7153.55390
 2007.94500
13457.96080
12913.99240
12730.99960
 5385.33790
 6775.96100
42856.83800
29141.36030
 4877.98105
 1615.76670
 1253.93600
 1515.34490
 1646.42970
19107.77960
24915.04626
36910.60803
14313.84630
19539.24300
 9361.32680
 7173.35995
 2902.90650
 6496.88600
 7633.72060
 3956.07145
17081.08000
 5662.22500
 6117.49450
11381.32540
20878.78443
 8604.48365
 3693.42800
11534.87265
34303.16720
16085.12750
12741.16745
13393.75600
 6686.43130
 3410.32400
 2102.26470
 6500.23590
17560.37975
14410.93210
 3481.86800
 7441.05300
24667.41900
55135.40209
12233.82800
 1621.88270
 1141.44510
 3393.35635
 1635.73365
39722.74620
 7144.86265
26140.36030
17748.50620
 1639.56310
21344.84670
 3866.85520
10713.64400
21232.18226
 2219.44510
23568.27200
36219.40545
11554.22360
 8442.66700
28287.89766
 1972.95000
 9222.40260
 9386.16130
11657.71890
18838.70366
 8068.18500
12646.20700
13352.09980
25309.48900
 8124.40840
 1842.51900
10115.00885
13126.67745
13224.05705
 2211.13075
 8023.13545
 6664.68595
11743.93410
 2497.03830
 4992.37640
 8527.53200
 1631.66830
 2498.41440
 4894.75330
36837.46700
 4766.02200
 1625.43375
 4661.28635
20773.62775
 4934.70500
 8539.67100
13451.12200
 8825.08600
 5428.72770
24476.47851
 4350.51440
10461.97940
 7077.18940
 3353.28400
11729.67950
 3736.46470
11244.37690
45702.02235
 2741.94800
 2395.17155
 9634.53800
12032.32600
25517.11363
36397.57600
12557.60530
10118.42400
21472.47880
 3558.62025
11735.87905
24873.38490
 4931.64700
14426.07385
 7050.02130
11512.40500
 8413.46305
10928.84900
35147.52848
15518.18025
10797.33620
 1909.52745
 3268.84665
26392.26029
16776.30405
26018.95052
40904.19950
28468.91901
 3277.16100
11879.10405
 4719.52405
11987.16820
14451.83515
 5926.84600
46718.16325
 9225.25640
 2302.30000
 3062.50825
21880.82000
 2201.09710
11289.10925
11272.33139
 5438.74910
20167.33603
12949.15540
 7727.25320
34166.27300
 4058.11610
 7046.72220
21348.70600
41999.52000
 2680.94930
 3704.35450
 6653.78860
 7626.99300
 6334.34355
 6640.54485
11455.28000
14254.60820
30942.19180
 3861.20965
13844.79720
37742.57570
 7789.63500
10269.46000
20984.09360
62592.87309
 6406.41070
 5383.53600
 1981.58190
 1969.61400
 4260.74400
19798.05455
11093.62290
 3443.06400
26926.51440
34617.84065
 6184.29940
 1633.96180
24869.83680
 5125.21570
 1744.46500
 6666.24300
13143.33665
 6770.19250
13390.55900
13470.80440
48885.13561
 5373.36425
40720.55105
14692.66935
20009.63365
11305.93455
14394.39815
11165.41765
 3981.97680
 2261.56880
 4435.09420
18157.87600
 1906.35825
 4500.33925
 8516.82900
46255.11250
 9855.13140
 2156.75180
41661.60200
 9264.79700
 2257.47525
13012.20865
 7160.33030
12648.70340
14478.33015
 4544.23480
 5630.45785
 8302.53565
24106.91255
25081.76784
32787.45859
 1725.55230
 4646.75900
10976.24575
 4189.11310
47462.89400
16232.84700
20296.86345
37079.37200
 7623.51800
 1136.39940
 4795.65680
10435.06525
 1712.22700
 5469.00660
 2527.81865
11326.71487
 3366.66970
 2464.61880
14449.85440
18310.74200
10141.13620
36580.28216
 8334.58960
 1242.26000
58571.07448
 8605.36150
 9447.38240
38245.59327
 4462.72180
 6196.44800
 4134.08245
 8556.90700
 3238.43570
 9563.02900
 3766.88380
 8798.59300
 9058.73030
43254.41795
 5458.04645
 7243.81360
 2250.83520
11743.29900
 8964.06055
 7209.49180
 8457.81800
16586.49771
 8062.76400
11938.25595
 9850.43200
13143.86485
 2207.69745
 2730.10785
40932.42950
 9863.47180
22412.64850
 1815.87590
 4185.09790
22218.11490
13974.45555
 8277.52300
 6289.75490
 9869.81020
 2130.67590
 2457.21115
14394.55790
 3046.06200
 3987.92600
 7443.64305
16455.70785
47896.79135
14418.28040
 2138.07070
 2566.47070
18963.17192
10796.35025
 8252.28430
40941.28540
25656.57526
14711.74380
39611.75770
 7650.77375
 5708.86700
 2196.47320
27000.98473
 5325.65100
 3070.80870
10355.64100
 1252.40700
 8551.34700
 6282.23500
13937.66650
12231.61360
 1704.56810
 2709.24395
21797.00040
 1877.92940
 9282.48060
 7986.47525
 8871.15170
36149.48350
 6781.35420
 8083.91980
 9504.31030
 1728.89700
 2128.43105
35595.58980
 2020.17700
20420.60465
 4337.73520
51194.55914
10560.49170
 3044.21330
19496.71917
10942.13205
 2221.56445
 2801.25880
 6986.69700
 5354.07465
11090.71780
 9722.76950
 1633.04440
30284.64294
 4830.63000
 1526.31200
13228.84695
 6123.56880
11015.17470
 5266.36560
34254.05335
 2494.02200
21259.37795
 7729.64575
12609.88702
 4922.91590
16138.76205
 3500.61230
11763.00090
 5855.90250
25382.29700
40974.16490
 1627.28245
44260.74990
 4149.73600
 7682.67000
18328.23810
 2803.69785
 3875.73410
12890.05765
 1261.85900
 7731.85785
13981.85035
 6933.24225
12815.44495
 3392.36520
18903.49141
11073.17600
48517.56315
 6985.50695
13224.69300
 1705.62450
11394.06555
 4561.18850
 8582.30230
11931.12525
46113.51100
10214.63600